geneID	baseMean	log2FoldChange	lfcSE	stat	pvalue	padj
Atp6v1h	7923.99816	0.426435242	0.099075419	4.304147748	1.68e-05	0.000653982
Prex2	889.1054975	-1.035684099	0.149284837	-6.937637607	3.99e-12	2.51e-09
Sbspon	421.5595954	-1.137955927	0.20798975	-5.471211569	4.47e-08	5.35e-06
Cnnm3	979.1307423	-0.445578988	0.120037031	-3.712012723	0.000205618	0.004716497
Sema4c	1312.157104	-1.043558087	0.214231067	-4.871179984	1.11e-06	7.72e-05
Map4k4	4816.880145	-0.438827876	0.077025041	-5.69721058	1.22e-08	1.78e-06
Col3a1	1818.921627	-0.90103409	0.159558756	-5.647036327	1.63e-08	2.29e-06
Col5a2	753.8131794	-0.889279767	0.192249904	-4.6256448	3.73e-06	0.000200933
Hspd1	8084.788882	0.376665226	0.095746952	3.933965714	8.36e-05	0.002362081
Rftn2	416.2172695	-0.708438645	0.164446015	-4.308031691	1.65e-05	0.000644343
Clk1	1173.608013	-1.013479901	0.194013996	-5.22374634	1.75e-07	1.68e-05
Ino80d	1318.855065	-0.46711906	0.132676689	-3.520731971	0.000430357	0.008305324
Lancl1	6121.798189	0.35128963	0.08743479	4.017732891	5.88e-05	0.00178957
Xrcc5	1164.483371	0.438215696	0.10268202	4.267696475	1.98e-05	0.000750299
6030407O03Rik	31.07395487	-2.029146919	0.496049543	-4.090613425	4.3e-05	0.001406441
Ctdsp1	1173.424538	-0.758747384	0.1658792	-4.57409599	4.78e-06	0.000237076
Cdk5r2	11634.55201	0.261739985	0.063770667	4.104394662	4.05e-05	0.001345733
Glb1l	146.9347314	-1.231504044	0.306789089	-4.014171591	5.97e-05	0.001807938
Chpf	4943.911276	0.283349641	0.078868273	3.592694872	0.000327276	0.006776808
Slc4a3	1275.375688	-0.734136483	0.20008011	-3.669212716	0.000243299	0.005368146
Dock10	1056.062977	-0.414789888	0.113480398	-3.655167738	0.000257014	0.005610888
Irs1	415.5318767	-0.92198393	0.168976807	-5.456275004	4.86e-08	5.68e-06
Pid1	505.2422949	0.425497756	0.115887402	3.671648086	0.000240991	0.0053335
Dgkd	1383.20443	-0.418487072	0.107149526	-3.905636258	9.4e-05	0.002605813
Col6a3	468.1910313	-1.295218881	0.194662169	-6.653675378	2.86e-11	1.33e-08
Sned1	228.1335574	-1.191725693	0.267782883	-4.450343055	8.57e-06	0.00038418
2-Sep	2282.932519	-0.433627601	0.117157626	-3.701232408	0.000214555	0.004859885
Rnf152	141.3749355	-1.260233724	0.351062234	-3.589772985	0.000330966	0.006814229
Cdh19	1865.098466	-0.753865207	0.104471205	-7.216009509	5.35e-13	4.56e-10
Steap3	2369.205053	0.517416125	0.140848684	3.673560235	0.000239194	0.005301834
Slc35f5	1211.47079	0.489732893	0.140516869	3.48522491	0.000491724	0.009179511
Mgat5	465.3063593	-0.916806042	0.264302257	-3.468778702	0.00052283	0.009554849
Cd55	17168.7731	0.475592431	0.114877214	4.140006656	3.47e-05	0.001171739
Elk4	315.2421301	-1.059472312	0.286208954	-3.701744114	0.000214123	0.004857695
Mdm4	433.9343163	-1.343169667	0.222801024	-6.028561463	1.65e-09	3.74e-07
Zbed6	286.7207209	-1.163382161	0.296698191	-3.921096234	8.81e-05	0.002463012
Csrp1	5079.135896	-0.49070561	0.122313415	-4.011870737	6.02e-05	0.001808934
Fam129a	587.1798697	-0.691905485	0.129567076	-5.340133532	9.29e-08	9.88e-06
Lamc1	2041.497956	-0.671152785	0.119740327	-5.605068905	2.08e-08	2.84e-06
Rasal2	2485.714274	-0.530413216	0.111787405	-4.744838791	2.09e-06	0.000124807
Fmo2	312.8961544	-1.079624073	0.274760639	-3.929325825	8.52e-05	0.002398752
Prrx1	159.8059352	-1.13957586	0.32107334	-3.549269652	0.000386301	0.007628001
Blzf1	950.9376244	0.441679297	0.119467541	3.697065284	0.000218106	0.00493261
Sft2d2	1300.48896	-0.721302784	0.139168324	-5.1829523	2.18e-07	2e-05
Mpzl1	847.0547037	-0.842082629	0.141663953	-5.94422653	2.78e-09	5.91e-07
Pou2f1	381.4786907	-0.848264147	0.193566853	-4.382279997	1.17e-05	0.000503814
Mpz	75504.65391	-1.128195594	0.255322653	-4.418705428	9.93e-06	0.000439144
Kcnj10	2274.180634	-0.511504687	0.103032168	-4.964514469	6.89e-07	5.25e-05
Ephx1	3788.280023	0.305690141	0.087841575	3.480016626	0.000501383	0.009283092
Ptpn14	670.9386791	-0.913387852	0.211205979	-4.324630648	1.53e-05	0.000613033
Slc30a1	703.4882999	-0.593843777	0.153924478	-3.858020395	0.000114309	0.003041379
Akap12	46073.23998	-0.333585637	0.052642497	-6.336812514	2.35e-10	7.53e-08
Sash1	1690.663813	-0.663016681	0.101377257	-6.540092945	6.15e-11	2.48e-08
Utrn	12286.63313	-0.370130457	0.072916798	-5.076065725	3.85e-07	3.19e-05
Gpr126	988.9570422	-0.586553513	0.12118503	-4.840148272	1.3e-06	8.65e-05
Sgk1	1080.003376	-0.790753194	0.147087746	-5.376064376	7.61e-08	8.29e-06
Enpp1	238.6807173	-1.506473398	0.291118765	-5.174772572	2.28e-07	2.04e-05
Epb4.1l2	2782.732779	-0.751561818	0.139569583	-5.384853923	7.25e-08	7.95e-06
Tmem200a	1716.543508	0.493143415	0.137298255	3.591767522	0.000328443	0.00678157
Lama2	1003.788893	-0.735931598	0.130169271	-5.653650786	1.57e-08	2.23e-06
Soga3	7059.547107	0.516033119	0.135435636	3.810172389	0.00013887	0.003489589
Hey2	1357.873906	-0.61275726	0.121981282	-5.023371203	5.08e-07	3.99e-05
Lama4	1295.894294	-0.527947262	0.115770775	-4.560280981	5.11e-06	0.000248959
Cdk19	1387.551261	-0.553982927	0.123161764	-4.498010672	6.86e-06	0.000320259
Sesn1	1857.825678	-0.471654376	0.108901975	-4.330999295	1.48e-05	0.000601803
Prep	2457.550478	0.375161317	0.104524215	3.589228733	0.000331658	0.00681877
Gja1	967.8550749	-0.73848875	0.142866593	-5.169079314	2.35e-07	2.09e-05
Chst3	317.7582486	-1.102001255	0.202185048	-5.450458705	5.02e-08	5.82e-06
Ctnna3	91.6094983	-1.622313699	0.300282218	-5.402629931	6.57e-08	7.37e-06
Reep3	1228.894186	-0.41986596	0.105743914	-3.970592183	7.17e-05	0.002071261
Jmjd1c	1277.219615	-0.490933824	0.113916876	-4.309579409	1.64e-05	0.000641584
Arid5b	379.983297	-0.950933038	0.24596953	-3.866060315	0.000110608	0.002970194
Rab36	559.9410971	-0.608565141	0.148775627	-4.090489501	4.3e-05	0.001406441
Lss	853.9309537	-0.599203698	0.171153994	-3.500962399	0.000463581	0.008821796
Pcbp3	12809.80688	0.25597767	0.060281499	4.24637204	2.17e-05	0.000812563
Pfkl	3972.665857	0.331454309	0.093369571	3.549917874	0.000385351	0.007619639
Rrp1	9246.53006	0.308445667	0.079690415	3.870549136	0.00010859	0.002942347
Cfd	67.29242195	-2.152405895	0.566773644	-3.797646413	0.000146076	0.00360804
Cnn2	460.2311523	-0.754237284	0.217650094	-3.465366217	0.00052951	0.00964041
Timp3	10109.73331	-0.620344104	0.12283855	-5.050076742	4.42e-07	3.62e-05
Hsp90b1	12919.59217	0.339552315	0.098271909	3.455232708	0.000549818	0.009927044
Gas2l3	1202.472249	-0.976995555	0.159478331	-6.126196262	9e-10	2.36e-07
Lgr5	382.6084467	-0.580513852	0.165250427	-3.512934051	0.000443187	0.008507554
Ptprb	696.9715284	-0.899701527	0.192028354	-4.685253549	2.8e-06	0.000158091
Cct2	7262.592463	0.292992988	0.073529086	3.984722315	6.76e-05	0.001976137
Ctdsp2	2937.954745	-0.682378061	0.124090475	-5.499036583	3.82e-08	4.72e-06
Avil	31529.42148	0.439169163	0.115785189	3.792964948	0.000148859	0.003645664
Dctn2	17432.73348	0.271752655	0.072473534	3.749681308	0.000177059	0.004173874
Gli1	223.1304428	-1.565381282	0.310171318	-5.046827965	4.49e-07	3.65e-05
Lrp1	4553.924482	-0.494596649	0.121055741	-4.085693454	4.39e-05	0.001420015
Atp5b	42863.00334	0.316653991	0.075960857	4.168646888	3.06e-05	0.001071262
Baz2a	2014.599152	-0.439258896	0.111488351	-3.939953287	8.15e-05	0.00231293
Erbb3	1453.877531	-1.009652587	0.125429012	-8.049593696	8.31e-16	1.72e-12
Dgka	535.9131881	-0.641832472	0.174050857	-3.687614549	0.000226366	0.005079728
Smtn	1411.210475	-0.990332327	0.192968507	-5.132093017	2.87e-07	2.48e-05
Dusp18	361.190627	-0.882986334	0.22906552	-3.854732634	0.000115856	0.003060041
Emid1	420.7210373	-1.025942759	0.294616054	-3.482304323	0.000497118	0.009248447
Tns3	3679.755596	-0.65791909	0.107430586	-6.124131995	9.12e-10	2.36e-07
Vstm2a	930.6926903	0.52986466	0.139594538	3.79574064	0.000147203	0.003629678
Cct4	4312.618204	0.365817769	0.091502026	3.997919896	6.39e-05	0.001899202
Rhbdf1	746.2937998	-0.699145218	0.187623086	-3.726328314	0.000194289	0.00450664
Sh3pxd2b	1898.064115	-0.540836546	0.113017116	-4.78543929	1.71e-06	0.000107837
Slit3	139.8257533	-1.182224068	0.340796296	-3.469005037	0.00052239	0.009554849
Cnot6	1220.289063	-0.560832948	0.149503567	-3.751301447	0.000175919	0.004153756
Sqstm1	29333.60067	0.313023516	0.069807236	4.484112731	7.32e-06	0.000337583
Col23a1	1432.274879	-0.914481852	0.188256704	-4.857632328	1.19e-06	8.12e-05
Slc22a21	80.09519924	-1.338472178	0.372616044	-3.592094863	0.00032803	0.00678157
Anxa6	22623.78427	0.342262589	0.092300357	3.70813939	0.000208788	0.004781635
Slc36a2	727.3213401	-1.056781227	0.254159337	-4.15794768	3.21e-05	0.00110928
Sparc	32067.99283	-0.749888611	0.184118032	-4.072868927	4.64e-05	0.001480479
Gm1821	3514.14899	0.525749052	0.130774667	4.020266796	5.81e-05	0.001778872
Trpv2	3119.970672	0.478818407	0.113531978	4.217476116	2.47e-05	0.000907571
Pmp22	53473.61666	-0.621492979	0.11659439	-5.330384913	9.8e-08	1.03e-05
Pfas	494.590992	-0.62903976	0.180096104	-3.49280049	0.000477983	0.008961571
Per1	1146.803868	-0.906195201	0.183477008	-4.939012307	7.85e-07	5.83e-05
Atp1b2	2991.885281	-0.585187857	0.124834305	-4.687716717	2.76e-06	0.000157232
Myo1c	1551.396228	-0.549940279	0.119823391	-4.589590351	4.44e-06	0.000229577
Tusc5	31474.10268	0.204919548	0.05861891	3.495792569	0.000472656	0.008907842
Pipox	92.66178387	-1.216244504	0.31456164	-3.86647432	0.00011042	0.002970194
Tlcd1	374.6925756	-0.872887015	0.217462422	-4.013967132	5.97e-05	0.001807938
Rab34	551.4517858	-1.017972192	0.236090121	-4.311794953	1.62e-05	0.000636913
Lgals9	2730.137203	0.358998184	0.103398665	3.471980842	0.000516633	0.009501587
Vezf1	1138.463409	-0.427855078	0.122527284	-3.491916758	0.000479568	0.008968039
Acsf2	301.3615182	-0.856900391	0.179731379	-4.7676727	1.86e-06	0.000114501
Spop	6956.340745	-0.306914091	0.086614459	-3.543450982	0.000394927	0.007743414
Zfp652	196.013844	-0.856270886	0.231208428	-3.703458795	0.00021268	0.004840136
Hoxb3	452.3498025	-0.713176182	0.193299643	-3.689485262	0.000224708	0.005050353
Erbb2	562.633182	-0.842808526	0.174580196	-4.827629612	1.38e-06	9.11e-05
Ormdl3	2112.555975	0.373877822	0.081061714	4.612261481	3.98e-06	0.000211178
Jup	9926.966173	0.410385098	0.087721105	4.678293777	2.89e-06	0.000162284
Cnp	7868.398776	-0.60004794	0.118004478	-5.084959066	3.68e-07	3.07e-05
Aoc3	98.5949498	-1.69931396	0.414524204	-4.099432419	4.14e-05	0.001365517
Gpatch8	2099.630333	-0.65157379	0.133524946	-4.87979069	1.06e-06	7.5e-05
Gjc1	155.3779335	-1.220371988	0.288679903	-4.227422753	2.36e-05	0.000872809
Itgb3	462.0636774	-1.212904613	0.218870283	-5.541659641	3e-08	3.8e-06
Abca8b	1889.329167	-0.636319366	0.10854273	-5.862385881	4.56e-09	7.95e-07
Abca8a	7051.721106	-0.708198365	0.083999414	-8.430991733	3.43e-17	2.48e-13
Abca9	468.5960848	-0.71431689	0.206408364	-3.460697401	0.000538778	0.009784534
Kcnj2	178.1084019	1.1755755	0.31973099	3.676764337	0.000236211	0.005259875
Kif19a	994.6545596	-0.937953633	0.204938579	-4.576754831	4.72e-06	0.000237076
Slc9a3r1	2792.529457	-0.538260949	0.11432306	-4.708244766	2.5e-06	0.000144989
Caskin2	1418.776741	-0.920190596	0.15047891	-6.115080171	9.65e-10	2.45e-07
Itgb4	1888.487652	-0.683889074	0.157177156	-4.35107169	1.35e-05	0.000561698
Rhbdf2	347.6750548	-0.718967491	0.179190754	-4.012302395	6.01e-05	0.001808934
Tnrc6c	1644.928906	-0.58650501	0.120429742	-4.870101046	1.12e-06	7.72e-05
Nptx1	8849.210755	0.382750838	0.109466536	3.496510011	0.000471387	0.008902918
Aatk	11196.99358	-0.553642667	0.098266995	-5.6340653	1.76e-08	2.45e-06
B3gntl1	143.2029944	-0.833311188	0.238498586	-3.493987965	0.000475862	0.008933377
Asxl2	763.5657463	-0.614590725	0.131668946	-4.667696857	3.05e-06	0.00017022
Dnmt3a	1161.212967	-0.830487524	0.172047814	-4.827073979	1.39e-06	9.11e-05
Ddx1	5864.361723	0.303012973	0.079395825	3.816484969	0.000135366	0.003417823
Pdia6	4338.030368	0.416460105	0.102522534	4.062132378	4.86e-05	0.001533376
Adam17	637.4452443	-0.664629329	0.17793823	-3.735168827	0.000187589	0.004365487
Mboat2	1154.252415	-0.694811635	0.133313183	-5.211874941	1.87e-07	1.77e-05
Pxdn	1167.145581	-0.977387514	0.165371337	-5.910259488	3.42e-09	6.68e-07
Tmem18	1336.80246	-0.487765623	0.0920656	-5.298022504	1.17e-07	1.18e-05
Fam150b	301.5811341	1.189211566	0.268672965	4.426242007	9.59e-06	0.000427045
Lamb1	2846.164072	-0.576224343	0.121667875	-4.736043467	2.18e-06	0.000129276
Sostdc1	1028.878911	-0.721516819	0.160325042	-4.500337638	6.78e-06	0.000317798
Scin	517.3821468	0.790141134	0.217254503	3.636937894	0.000275898	0.005863956
Atl1	7721.060608	0.324436724	0.092254397	3.516761625	0.000436846	0.008419318
Rtn1	35241.07126	0.313968792	0.086054562	3.64848514	0.000263791	0.005722473
Mnat1	897.8431791	0.496247774	0.118965949	4.171342973	3.03e-05	0.001061754
Syne2	1599.71272	-0.551199837	0.11725368	-4.700917141	2.59e-06	0.000148758
Sptb	3861.277129	-0.751211892	0.150082475	-5.00532718	5.58e-07	4.29e-05
Galnt16	978.4501479	-1.157766533	0.177197115	-6.533777545	6.41e-11	2.51e-08
Sipa1l1	1427.095547	-0.630773825	0.145571501	-4.333085958	1.47e-05	0.000598982
Ltbp2	151.431314	-1.75542912	0.371087748	-4.730496039	2.24e-06	0.000131779
Ahsa1	5810.486458	0.434400659	0.084665931	5.130761018	2.89e-07	2.49e-05
Ptpn21	747.4855678	-0.947843776	0.187700609	-5.049763992	4.42e-07	3.62e-05
Fbln5	3386.14696	-0.420756414	0.10029876	-4.195031072	2.73e-05	0.000979901
Clmn	518.8303396	-1.109991607	0.201512619	-5.508298254	3.62e-08	4.52e-06
Syne3	294.7091296	-1.111946237	0.259103793	-4.291508913	1.77e-05	0.000688633
Hsp90aa1	44473.43028	0.597382497	0.123775585	4.826335462	1.39e-06	9.11e-05
Klc1	81726.61699	0.347466354	0.082975554	4.187574964	2.82e-05	0.001007644
Itgb8	784.951968	-1.417997421	0.258217034	-5.491494488	3.99e-08	4.85e-06
Net1	838.6155999	-0.79893234	0.211492092	-3.777599115	0.000158347	0.003807179
Pfkp	16609.45272	0.437163253	0.107097094	4.081933862	4.47e-05	0.00143336
Gpr137b-ps	824.9391909	-0.456135098	0.126557947	-3.604160056	0.000313164	0.006540745
Nid1	2355.300085	-0.70121756	0.123859347	-5.661402047	1.5e-08	2.17e-06
Epdr1	13624.33973	0.369127516	0.090370051	4.084622203	4.41e-05	0.001420015
Mboat1	361.0579019	-1.090918858	0.226866868	-4.80863013	1.52e-06	9.78e-05
Wrnip1	2413.800278	0.363006318	0.076594124	4.739349457	2.14e-06	0.000127708
Serpinb6a	19684.25665	0.259117379	0.073323238	3.533905297	0.000409468	0.00797663
Tubb2a	21139.46037	0.579376424	0.126534347	4.578807559	4.68e-06	0.000236662
Rreb1	217.1552576	-0.954363083	0.220523049	-4.327724873	1.51e-05	0.000609111
Mylip	436.4761073	-0.795477982	0.173445017	-4.586340938	4.51e-06	0.000232347
Atxn1	1577.155253	-0.486298923	0.107898546	-4.507001646	6.58e-06	0.000308983
Kif13a	1334.553736	-0.584814325	0.108376347	-5.396143523	6.81e-08	7.52e-06
Ptpdc1	2485.695448	-0.515718536	0.101345038	-5.088739849	3.6e-07	3.04e-05
Ogn	3103.13401	-0.869000873	0.17273052	-5.030963114	4.88e-07	3.88e-05
2210016F16Rik	553.8581153	0.601100781	0.157921927	3.806316156	0.000141052	0.00351392
Ptch1	755.3000563	-0.911007667	0.206635482	-4.408766865	1.04e-05	0.000450518
Ctsl	31828.56636	0.503553688	0.102924293	4.892466811	9.96e-07	7.17e-05
Slc9a3	52.17661055	-1.973205884	0.52406026	-3.765227085	0.000166398	0.003961253
Rhobtb3	1408.418257	-0.895781626	0.118288265	-7.572869777	3.65e-14	4.06e-11
Fam151b	111.8963206	1.319023077	0.273893683	4.815821465	1.47e-06	9.56e-05
Crhbp	28.02970241	3.315881589	0.870232841	3.810338373	0.000138777	0.003489589
Iqgap2	469.5747261	-0.853397382	0.16298777	-5.235959625	1.64e-07	1.59e-05
F2rl2	3673.722706	0.399244267	0.104112336	3.834745056	0.000125695	0.003250568
Pik3r1	8557.217978	-0.298361483	0.075322353	-3.961128026	7.46e-05	0.002143857
Erbb2ip	1056.957354	-0.747408595	0.129992643	-5.749622274	8.94e-09	1.35e-06
Map3k1	1042.36126	-0.499709863	0.129885049	-3.847323962	0.000119415	0.003142569
Flnb	1993.240864	-0.709092783	0.122654499	-5.781221132	7.42e-09	1.17e-06
Fam107a	722.9168775	-0.844710136	0.186687334	-4.524731904	6.05e-06	0.000288869
Psmd6	3920.354764	0.308943086	0.086897769	3.555247614	0.000377623	0.007487287
Nr1d2	1762.998688	-0.495326407	0.104294172	-4.749320096	2.04e-06	0.00012309
Nid2	494.3326861	-0.880712922	0.204110774	-4.314877196	1.6e-05	0.000633254
Anxa7	9954.465882	0.278608317	0.071958069	3.871814831	0.000108028	0.002933579
Usp54	503.2398656	-0.60262131	0.159406884	-3.780397029	0.000156578	0.003777195
Adk	7867.583025	0.458521954	0.095936153	4.779449052	1.76e-06	0.000110138
Kat6b	610.9257466	-0.622165696	0.158022201	-3.937204331	8.24e-05	0.002334999
Zcchc24	1540.074554	-0.816948842	0.137062836	-5.960396435	2.52e-09	5.44e-07
Prkcd	14323.81019	0.538375762	0.131802433	4.08471793	4.41e-05	0.001420015
Stab1	390.6788479	-0.940971828	0.268102786	-3.509742824	0.00044854	0.008598904
Sema3g	962.2086383	-0.836264105	0.186522096	-4.483458665	7.34e-06	0.000337583
Sh3bp5	1355.332835	-0.710592738	0.159143328	-4.465111701	8e-06	0.000360844
Ankrd28	779.6904613	-0.8045873	0.154201357	-5.217770544	1.81e-07	1.72e-05
Peli2	1462.837417	-0.870463688	0.130135539	-6.688900613	2.25e-11	1.08e-08
Rpph1	372.28674	-3.466557228	0.711309533	-4.873486251	1.1e-06	7.67e-05
Arhgef40	1856.326788	-0.358861184	0.093123398	-3.853609231	0.000116389	0.003068522
Slc7a7	3019.258278	0.457273217	0.116292655	3.932090277	8.42e-05	0.002375949
Lrp10	6065.834015	0.333928101	0.083121197	4.017363967	5.89e-05	0.00178957
Ajuba	193.3085194	-1.196214038	0.311354627	-3.841966475	0.000122053	0.003200127
Efs	294.9637518	-0.763623919	0.215451116	-3.544302458	0.000393653	0.007730989
Myh6	139.7385289	-1.84257924	0.463661079	-3.973978672	7.07e-05	0.002054317
Cpne6	14339.71976	0.342083647	0.075857559	4.509552541	6.5e-06	0.000308294
Ipo4	3288.868693	0.359769552	0.100540003	3.578372213	0.000345741	0.007048244
Nynrin	437.7320668	-0.909855686	0.197890534	-4.597772665	4.27e-06	0.000223944
Ctsb	68049.21597	0.283872478	0.064358306	4.410813387	1.03e-05	0.000448353
Kif13b	1020.680222	-0.686872843	0.161808188	-4.244981976	2.19e-05	0.000815509
Fzd3	1605.957013	-0.407268218	0.117439922	-3.467885628	0.00052457	0.009574569
Clu	14467.77083	0.346092364	0.083329601	4.153294391	3.28e-05	0.001124042
Egr3	157.3404877	-1.4710673	0.422228981	-3.48405099	0.000493885	0.009200125
Sorbs3	1285.338923	-0.992692287	0.171314424	-5.794563367	6.85e-09	1.1e-06
Bmp1	607.5706726	-0.914044779	0.211903349	-4.313498516	1.61e-05	0.000634784
Hr	962.1615767	-0.713741109	0.131742472	-5.417699396	6.04e-08	6.88e-06
Rgcc	1231.643758	-0.624320295	0.169855988	-3.675586022	0.000237304	0.005269822
Kctd12	530.1436011	-1.14189025	0.183826906	-6.211768848	5.24e-10	1.49e-07
Ednrb	3901.680625	-0.604772335	0.117760362	-5.135618837	2.81e-07	2.45e-05
Pou4f1	9065.616664	0.264427113	0.066090828	4.000965334	6.31e-05	0.001882653
Gpc5	489.6996039	1.187893065	0.202046568	5.879303358	4.12e-09	7.65e-07
Mtmr12	620.6086916	-0.455569489	0.118891324	-3.831814413	0.000127202	0.003268853
Pdzd2	3038.362163	-0.701744415	0.114929456	-6.105870841	1.02e-09	2.55e-07
Myo10	1658.910625	-0.522592819	0.113211113	-4.616091166	3.91e-06	0.00020885
11-Mar	786.7789525	0.670386344	0.149526887	4.483383279	7.35e-06	0.000337583
Cct5	8054.663862	0.347695797	0.070696997	4.918112646	8.74e-07	6.39e-05
Matn2	3507.442513	-0.6481195	0.083257272	-7.784539242	7e-15	9.21e-12
Atp6v1c1	6421.914533	0.308381747	0.079713273	3.868637391	0.000109445	0.00295543
Sybu	3309.179216	0.393112401	0.106809689	3.680493823	0.000232783	0.005199532
Kcnv1	1256.375373	0.755512238	0.144158659	5.240838398	1.6e-07	1.56e-05
Col14a1	450.0517419	-0.787852021	0.217598404	-3.62067003	0.000293841	0.006181767
Phf20l1	717.149136	-0.984401457	0.143604282	-6.854958964	7.13e-12	4.13e-09
Ndrg1	17330.47987	-0.689489485	0.148679734	-4.637414036	3.53e-06	0.000191968
Trappc9	4747.604529	0.419642178	0.092400207	4.541571826	5.58e-06	0.000269392
Scrib	918.7576339	-0.671088288	0.16511692	-4.064321751	4.82e-05	0.001522372
Plec	26535.70529	-0.349739432	0.095045123	-3.679719923	0.00023349	0.0052073
Grina	20148.74307	0.28020338	0.05118568	5.474253315	4.39e-08	5.3e-06
Foxred2	247.6801837	-0.874622729	0.18928452	-4.620677531	3.82e-06	0.000205042
Eif3d	3363.533413	0.31995113	0.090264174	3.5446082	0.000393197	0.007730989
Sox10	3381.957988	-0.834257503	0.141155253	-5.91021225	3.42e-09	6.68e-07
Tnrc6b	2687.282276	-0.428948675	0.114840976	-3.735153515	0.000187601	0.004365487
Ep300	1284.937122	-0.561424276	0.133616841	-4.201747868	2.65e-05	0.000956013
Tef	4345.158604	-0.410420734	0.087562573	-4.687170782	2.77e-06	0.000157232
Cyp2d22	798.7110796	-0.771646841	0.197669468	-3.90372296	9.47e-05	0.002621488
Ncaph2	3689.609662	0.236767342	0.066482774	3.561333671	0.000368976	0.007397304
Adamts20	210.8613963	-1.297922683	0.355639206	-3.649548931	0.000262701	0.0057178
Arid2	884.0099962	-0.450409689	0.118772979	-3.792189876	0.000149325	0.003645846
Amigo2	1849.071293	0.51389986	0.13286578	3.867812019	0.000109816	0.002959927
Rapgef3	389.2967792	-1.162182172	0.207097525	-5.611762727	2e-08	2.76e-06
Hdac7	491.0280292	-0.877823249	0.243865786	-3.599616258	0.000318687	0.006617902
Adcy6	1068.570215	-0.835402371	0.137340675	-6.082701803	1.18e-09	2.9e-07
Ddn	1122.069571	-1.354164388	0.215024558	-6.29771968	3.02e-10	9.11e-08
Kmt2d	3208.387513	-0.943381164	0.128549605	-7.338654705	2.16e-13	1.95e-10
Dhh	2007.185162	-0.521683099	0.135846099	-3.840250871	0.000122909	0.003205369
Nr4a1	1117.531181	-0.531116431	0.145758832	-3.643802751	0.000268639	0.005803411
Tenc1	1340.769542	-0.595369047	0.136473093	-4.362537933	1.29e-05	0.000539365
Spryd3	8900.873259	0.209392624	0.054611843	3.83419807	0.000125975	0.003250568
Csad	693.8278063	-0.690334653	0.195180106	-3.536910936	0.000404836	0.007897033
Zfp740	2486.232003	-0.445405936	0.121429903	-3.668008664	0.000244447	0.0053819
Trap1	2808.350122	0.424732227	0.119336482	3.559114698	0.000372107	0.007428796
Crebbp	1450.742183	-0.50178958	0.140979677	-3.559304359	0.000371838	0.007428796
Sec14l5	145.8896203	-1.933676619	0.312640028	-6.184993758	6.21e-10	1.73e-07
Emp2	2012.012838	-0.734285032	0.134574748	-5.456335915	4.86e-08	5.68e-06
Mkl2	1215.661842	-0.41572442	0.105948241	-3.923844486	8.71e-05	0.002444507
Myh11	385.8180261	-1.252637953	0.302549025	-4.140280919	3.47e-05	0.001171739
Sdf2l1	561.7131272	0.573966446	0.159387216	3.601082084	0.000316895	0.006590151
Scarf2	209.5144004	-1.202734067	0.289147293	-4.159589585	3.19e-05	0.001103971
Clcn2	798.0154711	-0.899382963	0.186858422	-4.813178637	1.49e-06	9.6e-05
Igf2bp2	100.530514	-1.560330606	0.370121924	-4.215720557	2.49e-05	0.000912345
Etv5	3715.536295	0.36905277	0.106376833	3.46929646	0.000521823	0.009554849
Lpp	557.6822713	-0.900726633	0.153525734	-5.866942349	4.44e-09	7.95e-07
Ccdc50	1879.333689	-0.514038378	0.096173634	-5.344899185	9.05e-08	9.7e-06
Dlg1	828.7502006	-0.534122534	0.116269159	-4.593845337	4.35e-06	0.000226561
Pak2	1597.937145	-0.349868822	0.10126107	-3.455116781	0.000550055	0.009927044
Golgb1	3416.949965	-0.446383081	0.098548941	-4.529557374	5.91e-06	0.000283285
Adprh	4796.510625	0.378920524	0.103453721	3.662705598	0.000249565	0.005473043
Arhgap31	2398.799513	-0.609183117	0.132558527	-4.595578485	4.32e-06	0.000225497
Cyyr1	91.48246014	-1.317564411	0.358931073	-3.670800638	0.000241792	0.005343047
Adamts5	1962.884429	-0.804185454	0.099772881	-8.060160738	7.62e-16	1.72e-12
Bach1	755.2987603	-0.684732135	0.116839829	-5.860434268	4.62e-09	7.95e-07
Tiam1	337.8739898	-0.836653084	0.204752377	-4.086170301	4.39e-05	0.001420015
Rcan1	3505.486486	0.265494018	0.071638172	3.706041232	0.000210524	0.004813784
Pisd-ps2	394.0032694	0.726067717	0.158364475	4.584789075	4.54e-06	0.00023325
Qk	6669.860408	-0.92223502	0.115726536	-7.969088615	1.6e-15	2.31e-12
Agpat4	2343.994458	0.48810861	0.121450752	4.018983852	5.84e-05	0.001784811
Lix1	12664.26396	0.253187995	0.072234613	3.505078558	0.000456473	0.008716338
Ppp2r1a	21022.92364	0.407509001	0.086571585	4.707191181	2.51e-06	0.000144989
Srrm2	6570.730339	-0.468692176	0.131450503	-3.56554115	0.000363106	0.007319776
Traf7	983.1081302	-0.433131721	0.112762555	-3.841095319	0.000122487	0.003200127
Pkd1	2547.36113	-0.524960733	0.083292776	-6.302596193	2.93e-10	9.01e-08
Hagh	4740.261819	0.385797071	0.079652022	4.843531433	1.28e-06	8.59e-05
Itpr3	2914.411159	-0.667557535	0.110341452	-6.04992525	1.45e-09	3.44e-07
Ppard	525.8474222	-0.616141647	0.150078441	-4.105464081	4.04e-05	0.001342602
Tead3	143.1873044	-1.451694834	0.298862503	-4.857400375	1.19e-06	8.12e-05
Stk38	576.0241089	-1.019902386	0.267908597	-3.806904285	0.000140717	0.003511621
Rrp1b	333.9884983	-0.674609906	0.18543083	-3.638067667	0.000274691	0.005863324
Notch3	508.7645232	-1.194573469	0.190182797	-6.281185736	3.36e-10	9.93e-08
Cyp4f13	453.986772	-0.460753024	0.130115122	-3.541118183	0.000398435	0.007782657
Adamts10	410.5428074	-1.19236862	0.262075802	-4.549708943	5.37e-06	0.000260049
Col11a2	130.3213662	-1.707902252	0.37136536	-4.598981053	4.25e-06	0.000223459
Tnxb	1078.233047	-0.695274044	0.182602809	-3.807575836	0.000140336	0.003511621
Hspa1b	573.8572497	1.356628782	0.268926802	5.044602373	4.54e-07	3.65e-05
Bag6	6030.924706	0.242913578	0.064738213	3.752244093	0.000175259	0.004144925
Tubb5	53508.32161	0.33988014	0.076257515	4.457005201	8.31e-06	0.000373594
Rn45s	3997028.297	-2.551430506	0.514825969	-4.955908712	7.2e-07	5.43e-05
Hsp90ab1	118542.691	0.388552367	0.083435326	4.65692873	3.21e-06	0.000178565
Gltscr1l	1417.307264	-0.632831481	0.107529789	-5.88517365	3.98e-09	7.53e-07
Daam2	2473.032841	-0.953427135	0.145790024	-6.539728203	6.16e-11	2.48e-08
Kat2b	1324.730775	-0.404694734	0.091748122	-4.410932057	1.03e-05	0.000448353
Fsd1	2519.38329	0.34353815	0.086495602	3.971741225	7.13e-05	0.002065417
Plin4	115.8095677	-1.595356757	0.449058457	-3.552670555	0.000381342	0.00755067
Prkd3	344.5068542	-0.79340687	0.207319403	-3.826978363	0.000129726	0.003311557
Zfp36l2	828.1414348	-0.852196658	0.172058815	-4.952938095	7.31e-07	5.48e-05
Epas1	6335.105192	-0.648123183	0.113087734	-5.731153699	9.97e-09	1.47e-06
Ston1	461.8836367	-1.092823538	0.229460032	-4.762587748	1.91e-06	0.000115747
Svil	624.2279549	-0.73264824	0.155361546	-4.715763077	2.41e-06	0.000141111
Npc1	1830.041795	-0.407036482	0.090784257	-4.483558012	7.34e-06	0.000337583
Apc	8653.768124	-0.353213827	0.085242648	-4.143628034	3.42e-05	0.001161501
Hars	5554.899738	0.364773066	0.089741353	4.064715482	4.81e-05	0.001522372
Pcdhb3	141.2244802	0.889745124	0.250776841	3.547955706	0.000388234	0.007655711
Pcdhb5	179.2388506	1.266872827	0.356059275	3.558039112	0.000373634	0.007449
Lox	815.0978074	-1.8444983	0.261572703	-7.051570271	1.77e-12	1.28e-09
Snx2	2775.316109	0.392282918	0.106420093	3.686173406	0.000227651	0.005100657
Slc12a2	7069.84327	-0.288954351	0.083151761	-3.475023842	0.000510808	0.009418388
Pdgfrb	1158.405535	-0.477842434	0.113670575	-4.203747823	2.63e-05	0.000952351
Sh3tc2	386.0192721	-1.133511916	0.279997016	-4.048299982	5.16e-05	0.001609328
Ccdc68	927.977637	0.645490338	0.158323512	4.077033976	4.56e-05	0.001457427
Atp5a1	30843.43422	0.306298336	0.066939589	4.575742709	4.75e-06	0.000237076
Pard6g	395.648611	-0.841115658	0.210834069	-3.989467459	6.62e-05	0.001948159
Mbp	50408.586	-1.0549341	0.253225262	-4.165990753	3.1e-05	0.001078603
Cndp2	3847.70396	0.318872417	0.069571663	4.583366305	4.58e-06	0.000234013
Lrp5	397.9427077	-0.727982525	0.175539894	-4.147105867	3.37e-05	0.001146696
Suv420h1	1307.439492	-0.548375029	0.112218808	-4.886658827	1.03e-06	7.28e-05
Ndufv1	7591.549021	0.405691217	0.077053345	5.265069506	1.4e-07	1.4e-05
Carns1	1067.54342	-1.10186956	0.200494103	-5.495770429	3.89e-08	4.77e-06
Ankrd13d	3441.598981	0.360974981	0.099089246	3.642927932	0.000269554	0.005809158
Sipa1	431.793912	-0.631715544	0.180888706	-3.492288488	0.000478901	0.008967153
Fam89b	6825.00329	0.330173608	0.087417371	3.776979398	0.000158742	0.003810331
Malat1	33270.19652	-2.014979923	0.46692404	-4.315434093	1.59e-05	0.000633254
Neat1	8875.772902	-1.295140726	0.3549777	-3.648512919	0.000263763	0.005722473
Capn1	9148.570809	0.277780768	0.079923436	3.475585898	0.000509739	0.009410661
Rasgrp2	332.5085059	-0.778077747	0.195459373	-3.98076457	6.87e-05	0.002001772
Stip1	10934.99001	0.465499045	0.085189754	5.464260968	4.65e-08	5.51e-06
Pla2g16	2469.586389	-0.776906288	0.158966842	-4.88722225	1.02e-06	7.28e-05
Eml3	799.7495374	-0.626982304	0.145164499	-4.319115962	1.57e-05	0.000624637
Ahnak	26437.84636	-0.508593786	0.099015245	-5.136519993	2.8e-07	2.45e-05
Fads1	6943.393177	-0.365289648	0.090262725	-4.046960105	5.19e-05	0.001615083
Pcsk5	321.7249306	-0.861642783	0.243206409	-3.542845706	0.000395834	0.007743414
Klf9	2436.99757	-0.472879442	0.132705435	-3.563376592	0.000366115	0.007359926
Ptar1	102.5568522	-1.28217203	0.355415214	-3.607532762	0.000309123	0.006465664
Vldlr	1363.330877	-0.818895187	0.126212713	-6.488214778	8.69e-11	3.22e-08
4931408D14Rik	28.39726622	2.81635205	0.728933074	3.863663416	0.000111699	0.002990907
Plce1	1495.896164	-0.45902495	0.13136047	-3.494391805	0.000475143	0.008931457
Arhgap19	1833.196813	-1.069591128	0.171687328	-6.229878134	4.67e-10	1.35e-07
Scd2	82635.37408	-0.184159508	0.050559954	-3.642398617	0.000270109	0.005809158
Sema4g	354.6039816	-0.89571733	0.251173096	-3.566135643	0.000362284	0.007313385
Lzts2	1222.353213	-0.590627025	0.135203135	-4.368441788	1.25e-05	0.000528053
Hps6	525.980683	0.641077282	0.153461583	4.177444728	2.95e-05	0.00104706
Sh3pxd2a	5363.909148	-0.548163154	0.098775211	-5.549602481	2.86e-08	3.67e-06
Sorcs1	1342.277871	-0.605784587	0.141672722	-4.275943718	1.9e-05	0.00072879
Add3	2400.071698	-0.487088817	0.11906549	-4.090931968	4.3e-05	0.001406441
Mxi1	1926.270908	-0.692125625	0.119358485	-5.79871322	6.68e-09	1.09e-06
Gpam	1305.594315	-0.757980896	0.176959104	-4.283367615	1.84e-05	0.000707261
Tcf7l2	285.1462574	-1.21237052	0.227836635	-5.321227295	1.03e-07	1.06e-05
Afap1l2	1216.97762	-0.55157496	0.136978416	-4.02672899	5.66e-05	0.001738053
Dhtkd1	54.68056499	-2.251539751	0.618941974	-3.637723478	0.000275059	0.005863324
Celf2	1809.775773	-0.564993	0.122482439	-4.61284902	3.97e-06	0.000211178
Itih5	2308.647288	-0.823991705	0.137035627	-6.012974305	1.82e-09	3.99e-07
Ankrd16	451.480078	-0.838490989	0.224476825	-3.735312052	0.000187483	0.004365487
Mllt10	636.404577	-0.604498791	0.172830619	-3.497637137	0.000469399	0.008881158
Tubb4b	26966.23662	0.51084365	0.112147981	4.555085586	5.24e-06	0.000254336
Dpp7	1208.2785	0.453820833	0.118141579	3.841330362	0.000122369	0.003200127
Notch1	1262.60315	-1.086485953	0.155414363	-6.990897974	2.73e-12	1.8e-09
Rxra	1237.573602	-0.456028044	0.113223856	-4.027667474	5.63e-05	0.001734815
Col5a1	753.1560364	-1.527850172	0.217886345	-7.012142816	2.35e-12	1.62e-09
Ralgps1	710.7535633	-0.595904406	0.149240596	-3.992910931	6.53e-05	0.001931852
Zbtb43	472.9242009	-0.733669885	0.166055423	-4.418222966	9.95e-06	0.000439144
Hspa5	10659.34213	0.470593396	0.101501474	4.636320796	3.55e-06	0.000192263
Zeb2	2462.167505	-0.46952123	0.102791339	-4.567711954	4.93e-06	0.000243577
Fmnl2	2600.857493	-0.496289372	0.092956409	-5.338947324	9.35e-08	9.88e-06
Nr4a2	387.0336285	-0.861928149	0.213991377	-4.027863928	5.63e-05	0.001734815
Psmd14	4398.521758	0.29482239	0.062303408	4.732042743	2.22e-06	0.000131313
Fign	442.4580835	-0.779159385	0.204173381	-3.816165356	0.000135542	0.003417823
Cobll1	422.79759	-0.856507194	0.225917341	-3.791241476	0.000149896	0.003646381
Scn2a1	368.4756127	-0.920801535	0.184401012	-4.993473323	5.93e-07	4.54e-05
Lrp2	44.42256216	-2.596108911	0.62563857	-4.149534627	3.33e-05	0.001137274
Cybrd1	233.0314654	-0.88773263	0.230205838	-3.856255937	0.000115137	0.003052183
Dync1i2	13940.48594	0.365854273	0.094850069	3.857185095	0.0001147	0.003046188
Itga6	2426.773152	-0.706000552	0.116967837	-6.035851982	1.58e-09	3.69e-07
Chn1	5397.112898	0.313044247	0.076621156	4.085611093	4.4e-05	0.001420015
Hoxd4	138.1564544	-1.143182795	0.289877127	-3.943680575	8.02e-05	0.002286223
Hoxd1	1428.349743	0.60274686	0.158894801	3.793370567	0.000148616	0.003645664
Zfp385b	1482.402715	0.441915949	0.101915773	4.336089876	1.45e-05	0.000594704
Ssfa2	2543.106225	-0.579826001	0.087772992	-6.605972843	3.95e-11	1.73e-08
Itgav	1667.80147	-0.597905565	0.114885642	-5.204354126	1.95e-07	1.82e-05
Slc43a3	1494.723476	-0.574118222	0.119645455	-4.798495859	1.6e-06	0.000101931
P2rx3	15590.12906	0.424429575	0.11647959	3.643810691	0.000268631	0.005803411
Creb3l1	789.2890089	0.737803081	0.161179723	4.577517979	4.71e-06	0.000237076
Tspan18	2000.779643	-0.372886104	0.098331989	-3.792113925	0.00014937	0.003645846
Cd82	4417.316889	0.3002227	0.083058995	3.614571777	0.000300844	0.006310758
Abtb2	3137.253205	0.437268179	0.122371737	3.573277539	0.000352541	0.007166678
D430041D05Rik	873.2215524	-0.748875156	0.163705378	-4.574529942	4.77e-06	0.000237076
Rcn1	1440.490747	-0.398334252	0.096955352	-4.108429739	3.98e-05	0.001328534
Lin7c	2172.971942	-0.385539632	0.094803805	-4.066710506	4.77e-05	0.001513467
Lgr4	2231.822339	-0.618338706	0.106352074	-5.81407285	6.1e-09	1.01e-06
Emc4	3346.889174	0.293650467	0.083572883	3.51370513	0.000441903	0.008494163
Fam98b	1178.962265	0.459432941	0.126829536	3.622444392	0.000291832	0.006157404
Ivd	927.8020855	-0.381624218	0.110310029	-3.459560476	0.000541058	0.009801339
Vps18	2819.855365	0.374574638	0.106888237	3.504357896	0.00045771	0.008728447
Pdia3	13014.23458	0.370326689	0.091656806	4.040362153	5.34e-05	0.001654088
Gatm	6789.567558	-0.604087209	0.111935451	-5.396746101	6.79e-08	7.52e-06
Shc4	1573.286329	-0.763080298	0.164341833	-4.643250486	3.43e-06	0.000187326
Secisbp2l	7396.622581	-0.905386243	0.10968902	-8.25411915	1.53e-16	5.54e-13
Galk2	842.1095408	0.440837398	0.111477878	3.954483221	7.67e-05	0.002189664
Mal	6225.040117	-0.845764239	0.146976317	-5.75442532	8.69e-09	1.32e-06
Bcl2l11	209.3456534	-1.040464423	0.260492213	-3.994224661	6.49e-05	0.00192511
Mertk	489.8234518	-1.314055569	0.193709353	-6.78364543	1.17e-11	6.52e-09
Idh3b	6482.638272	0.255089824	0.063254128	4.032777499	5.51e-05	0.001704761
4930402H24Rik	987.2591458	-0.653564641	0.156629613	-4.172676087	3.01e-05	0.001060169
Mavs	260.1025572	-1.006640645	0.237027929	-4.246928415	2.17e-05	0.000812563
Jag1	781.806672	-0.615841221	0.134490618	-4.579064538	4.67e-06	0.000236662
Dusp15	2579.558075	-0.610483275	0.151001709	-4.042889853	5.28e-05	0.001639862
Myl9	661.2638551	-0.70156733	0.199574131	-3.515321987	0.000439221	0.008453838
Soga1	1226.51292	-0.510704817	0.119572463	-4.271090557	1.95e-05	0.000740914
Tomm34	3921.148104	0.286434214	0.077311743	3.704925075	0.000211453	0.004827404
Pcif1	935.2052008	-0.416746277	0.109917682	-3.791439836	0.000149776	0.003646381
Atp9a	26049.91362	0.269570628	0.077437303	3.48114693	0.000499272	0.009264687
Bcas1	1448.147749	-0.727841242	0.209767742	-3.469748182	0.000520947	0.009554849
Gnas	93386.24989	0.284885254	0.071362276	3.992098762	6.55e-05	0.001934526
Lama5	476.9606106	-0.983699906	0.224524893	-4.381250973	1.18e-05	0.000503814
Slc2a4rg-ps	63.34905044	-2.147884579	0.541163254	-3.969014089	7.22e-05	0.002080871
Prpf6	2177.301264	0.406696607	0.112250445	3.623117985	0.000291073	0.006150351
Pmp2	661.2071345	-1.069950032	0.280075131	-3.820225054	0.00013333	0.003389781
Fabp4	117.1073428	-1.851139694	0.500948571	-3.695268942	0.000219654	0.004959866
Phc3	1412.462726	-0.417346863	0.111804902	-3.732813634	0.000189353	0.004399183
Sox2	765.188185	-0.4921744	0.140676986	-3.498613476	0.000467684	0.008877284
Anxa5	36114.62745	0.353162374	0.080817327	4.369884373	1.24e-05	0.00052611
Trpc3	4873.687421	0.525689467	0.151823183	3.462511177	0.00053516	0.009731032
Fat4	445.6985124	-0.878898563	0.184273977	-4.769520782	1.85e-06	0.000114224
Jade1	628.1925083	-0.512611493	0.125238372	-4.093086524	4.26e-05	0.001400257
Frem2	168.2678049	-1.310143409	0.242038181	-5.412961727	6.2e-08	7.01e-06
Wwtr1	733.0046845	-0.870410438	0.176758457	-4.924293022	8.47e-07	6.25e-05
Arhgef26	340.8619141	-0.741454782	0.193357914	-3.83462341	0.000125757	0.003250568
Mme	860.0376042	-0.7725871	0.161634341	-4.779845015	1.75e-06	0.000110138
Lxn	8905.170919	0.261140568	0.075507271	3.458482416	0.000543228	0.009828348
Rarres1	2477.933364	0.413758607	0.115806544	3.572843046	0.000353126	0.007168516
Fam198b	970.4391339	-0.854464488	0.160599639	-5.320463331	1.04e-07	1.06e-05
Gucy1b3	121.6002472	-1.272209592	0.348249172	-3.653158983	0.000259034	0.005646467
Kirrel	1097.625924	-0.704254862	0.140489552	-5.012862892	5.36e-07	4.17e-05
Bcan	3471.247146	-0.437673671	0.091835622	-4.765837725	1.88e-06	0.000114501
Tmem79	6425.867855	0.382758216	0.087655652	4.366611915	1.26e-05	0.000530946
Gon4l	764.7454276	-0.659500352	0.173594574	-3.79908391	0.000145232	0.003599464
Scamp3	3594.413027	0.267015112	0.074526265	3.582832319	0.000339889	0.006958346
Fam189b	26145.85586	0.300166678	0.073167831	4.102440579	4.09e-05	0.001350956
Shc1	6339.072358	0.494482817	0.102720357	4.813873639	1.48e-06	9.6e-05
Il6ra	109.8467397	-1.394118301	0.359799884	-3.874704696	0.000106754	0.002904433
Sema6c	1874.015652	-0.799929024	0.188262574	-4.249007155	2.15e-05	0.000808751
Otud7b	2754.080547	-0.448720665	0.10745435	-4.175919037	2.97e-05	0.001050286
Hist2h2be	214.1804758	-0.915259931	0.253697189	-3.60768653	0.000308939	0.006465664
Txnip	2283.950224	-0.727699554	0.154600576	-4.706965354	2.51e-06	0.000144989
Bcl9	805.0644696	-0.535055207	0.145879856	-3.667779921	0.000244666	0.0053819
Notch2	951.195994	-0.973447977	0.204196079	-4.767221683	1.87e-06	0.000114501
Syt6	3609.672556	0.489072087	0.130924775	3.735519781	0.000187328	0.004365487
Cttnbp2nl	1510.258958	-0.57794092	0.097406762	-5.933273074	2.97e-09	6.23e-07
Sort1	2436.91925	-0.430819683	0.113356007	-3.800589783	0.000144352	0.003583795
Col11a1	627.1377445	-1.609829009	0.273372534	-5.888773765	3.89e-09	7.51e-07
S1pr1	755.3582039	-0.488298643	0.125263035	-3.89818628	9.69e-05	0.002666844
Cdc14a	247.9064492	-1.164929656	0.228722764	-5.093195078	3.52e-07	3e-05
Rtca	3704.735593	0.424755332	0.087604824	4.848538144	1.24e-06	8.41e-05
Palmd	2302.392225	0.385012227	0.094370285	4.079803594	4.51e-05	0.001443358
Snx7	7801.525243	0.410289586	0.097843539	4.193323233	2.75e-05	0.000984867
Arhgap29	550.6211165	-0.728485741	0.201193909	-3.620814087	0.000293677	0.006181767
Ugt8a	1780.36535	-1.169080705	0.194274588	-6.017671784	1.77e-09	3.94e-07
Tet2	462.6112662	-1.115982632	0.188282881	-5.927159304	3.08e-09	6.37e-07
Col24a1	453.7468048	-1.710828349	0.470357416	-3.637294304	0.000275517	0.005863956
Pnisr	1450.569488	-0.572844371	0.146855741	-3.900728483	9.59e-05	0.002644018
Rars2	577.5237705	0.527483553	0.145294502	3.630443997	0.000282934	0.005987117
Stoml2	1746.932361	0.35300354	0.09339642	3.77962603	0.000157064	0.003782605
Rmrp	285.6331408	-4.114816715	0.646271991	-6.36700456	1.93e-10	6.64e-08
Nans	1772.430565	0.425230029	0.105992429	4.011890579	6.02e-05	0.001808934
Ctnnal1	1847.646394	-0.821588407	0.185418923	-4.430984677	9.38e-06	0.000419048
Epb4.1l4b	798.7301698	-0.849193302	0.13362324	-6.355131781	2.08e-10	7.01e-08
Ugcg	6609.338081	0.356837349	0.091775463	3.88815636	0.000101009	0.002758486
Col27a1	641.6369414	-1.149986585	0.266152054	-4.320787942	1.55e-05	0.000621634
Nfib	1713.078695	-0.615771346	0.115691472	-5.32253015	1.02e-07	1.06e-05
Rraga	5324.722633	0.400135663	0.106254523	3.7658224	0.000166002	0.003961253
Dennd4c	376.9990264	-0.83417377	0.160974845	-5.182013175	2.2e-07	2e-05
Ppap2b	2536.751486	-0.519948698	0.119744258	-4.342159758	1.41e-05	0.000580148
Usp24	1297.038413	-0.514094725	0.136782965	-3.7584704	0.000170955	0.004063065
Tesk2	366.1113928	-0.919218811	0.216276342	-4.250205091	2.14e-05	0.000807123
Lepre1	345.979586	-0.899077811	0.206660669	-4.350502768	1.36e-05	0.000561698
Cldn19	2237.101894	-1.21474808	0.257706171	-4.713694179	2.43e-06	0.000141977
Rlf	835.6609679	-0.434613757	0.121363187	-3.581100391	0.00034215	0.006994747
Mfsd2a	967.2106953	-0.883985146	0.158240292	-5.586346797	2.32e-08	3.11e-06
D830031N03Rik	198.1705988	-1.42911475	0.313083045	-4.564650728	5e-06	0.000245315
Grik3	966.53929	-0.635070059	0.13668949	-4.64607821	3.38e-06	0.000185478
Csf3r	48.48232786	-2.446930207	0.672385652	-3.639176715	0.000273511	0.005847562
Ago1	993.0438857	-0.550892493	0.15604038	-3.530448302	0.000414856	0.008038323
Ncdn	29039.16735	0.276100594	0.070562335	3.912860805	9.12e-05	0.002538771
Adc	5923.873121	0.3639157	0.077598484	4.689726898	2.74e-06	0.000156508
Nkain1	752.328301	0.718465881	0.193235997	3.71807474	0.000200747	0.004616913
Sdc3	9078.438018	-0.297221645	0.084140939	-3.532426071	0.000411765	0.007999605
Epb4.1	1249.708412	-0.69221308	0.189239875	-3.657860587	0.000254329	0.005560668
Trnp1	28021.79798	0.237275035	0.051486021	4.608533148	4.06e-06	0.000214215
Arid1a	3504.062526	-0.330804713	0.087407924	-3.7846078	0.000153951	0.00373874
Clic4	3738.568524	-0.604752588	0.141797	-4.264918088	2e-05	0.000757708
Ncmap	2220.765944	-1.017628267	0.17216329	-5.910831893	3.4e-09	6.68e-07
Myom3	29.87411049	2.061449651	0.589610978	3.496287771	0.00047178	0.008902918
Hspg2	3909.029472	-0.977344215	0.144510266	-6.763147311	1.35e-11	7.24e-09
Atp13a2	11741.34723	0.342544982	0.098492895	3.477864911	0.000505425	0.009342931
Spen	1236.400997	-0.706725778	0.120508123	-5.864548889	4.5e-09	7.95e-07
Efhd2	2792.333375	0.333549969	0.088497786	3.769020483	0.000163889	0.003920886
Mthfr	1521.991755	-0.467856261	0.107978009	-4.332884667	1.47e-05	0.000598982
Rere	3969.929525	-0.452589001	0.086948156	-5.205274277	1.94e-07	1.82e-05
Per3	587.7851462	-1.315125557	0.183584917	-7.163581724	7.86e-13	6.32e-10
Vamp3	882.3352274	-0.655813697	0.154853491	-4.235059185	2.28e-05	0.000845828
Acot7	21654.11533	0.325851872	0.086928602	3.748500104	0.000177895	0.004186758
5930403L14Rik	1684.962866	-0.682388853	0.11633679	-5.865632459	4.47e-09	7.95e-07
Ccnl2	971.6852686	-0.870240254	0.205361634	-4.237599	2.26e-05	0.000838463
Mxra8	1046.491382	-0.479266459	0.136591269	-3.508763492	0.000450195	0.00861921
Agrn	2520.027549	-1.208652756	0.298116734	-4.054293571	5.03e-05	0.001575411
Gsap	221.0846148	-0.989116744	0.264636881	-3.737637545	0.000185757	0.004350572
Psmc2	5857.375745	0.271325052	0.070322668	3.858287238	0.000114184	0.003041379
Reln	1774.396712	-0.66677935	0.151076235	-4.413529046	1.02e-05	0.000446058
Kmt2e	1520.406004	-0.785764923	0.106140429	-7.403069018	1.33e-13	1.28e-10
Fam126a	679.8818152	-0.646852353	0.171095131	-3.780659047	0.000156414	0.003777195
Kmt2c	1962.597235	-0.736860523	0.127093777	-5.797770266	6.72e-09	1.09e-06
Rbm33	950.2220381	-0.631898319	0.099768679	-6.333634192	2.39e-10	7.53e-08
Maea	5163.302991	0.256034964	0.066734629	3.836613259	0.000124743	0.003241518
Tnip2	164.3110589	-1.099773117	0.264574337	-4.156764145	3.23e-05	0.001111797
Evc2	386.8422909	-0.761688071	0.201331642	-3.783250676	0.000154793	0.003752897
Prom1	471.472507	-0.943193514	0.218106101	-4.32447103	1.53e-05	0.000613033
Limch1	3801.157129	-1.259851603	0.208932597	-6.029942769	1.64e-09	3.74e-07
Kctd8	2462.520298	0.483111374	0.1234093	3.91470801	9.05e-05	0.002524268
Atp10d	149.9156562	-1.148035684	0.322169129	-3.563456524	0.000366003	0.007359926
Kdr	358.8621825	-0.961578161	0.247088339	-3.891637149	9.96e-05	0.002729503
Slc4a4	3115.776497	-0.54089303	0.093530288	-5.783078858	7.33e-09	1.17e-06
Art3	2684.299229	-0.458531887	0.125106827	-3.665122827	0.00024722	0.005429834
Aff1	1397.278614	-0.393191356	0.107471688	-3.658557549	0.000253639	0.00555396
Pkd2	978.8451194	-0.509226292	0.129715094	-3.925728893	8.65e-05	0.002430157
Tgfbr3	1718.633525	-0.692031164	0.136010337	-5.088077717	3.62e-07	3.04e-05
Ep400	1787.916578	-0.474214861	0.117921226	-4.021454637	5.78e-05	0.001773674
Pxn	1559.938352	-0.89617732	0.159960199	-5.602501895	2.11e-08	2.86e-06
Med13l	1615.851378	-0.52560203	0.137574357	-3.820494176	0.000133185	0.003389781
Anapc7	1430.789277	0.424259283	0.119752269	3.542807883	0.000395891	0.007743414
P2rx7	592.9766107	-1.049486663	0.18551923	-5.657023601	1.54e-08	2.21e-06
Setd1b	1308.692711	-0.539588682	0.122149002	-4.417462881	9.99e-06	0.000439351
Zcchc8	574.3185839	-0.544384802	0.155607353	-3.498451646	0.000467968	0.008877284
Mphosph9	391.9562712	-0.597174428	0.166398385	-3.588823464	0.000332174	0.00681969
Scarb1	600.8607067	-0.67096178	0.175314892	-3.827180755	0.000129619	0.003311557
Cct6a	7555.162821	0.35016933	0.083166667	4.210452873	2.55e-05	0.000926843
Hip1	2677.247203	-0.324873662	0.082125358	-3.955826415	7.63e-05	0.002181699
Mdh2	13535.34828	0.292280252	0.073790394	3.960952567	7.47e-05	0.002143857
Trip6	301.1473405	-1.028111036	0.282382624	-3.640843838	0.000271746	0.005827873
Ephb4	430.428469	-0.792772467	0.204841531	-3.870174495	0.000108757	0.002942347
Gigyf1	1329.594039	-0.561529552	0.153920355	-3.648182548	0.000264102	0.005722473
Gjc3	1531.971383	-0.966146383	0.173779412	-5.559613591	2.7e-08	3.53e-06
Sun1	2184.442343	-0.361409362	0.100415648	-3.599133884	0.000319279	0.006620689
Fscn1	1481.197879	-0.637226846	0.172047669	-3.70378076	0.00021241	0.004840136
Nptx2	5846.519007	0.498688805	0.110645852	4.507071862	6.57e-06	0.000308983
Flt1	672.5939864	-0.770911395	0.209436303	-3.680887146	0.000232424	0.005199532
Hsph1	8902.468597	0.496511427	0.102186698	4.858865544	1.18e-06	8.12e-05
Col1a2	5855.314102	-0.888768365	0.159261677	-5.58055384	2.4e-08	3.18e-06
Ppp1r9a	1883.159106	-0.886343663	0.139630658	-6.347772583	2.18e-10	7.19e-08
Pdk4	344.5676666	-0.989387975	0.266096199	-3.71815899	0.00020068	0.004616913
Dync1i1	7755.178774	0.340125923	0.096296222	3.532079629	0.000412305	0.007999605
Asns	5499.08113	0.403322812	0.086785856	4.647333442	3.36e-06	0.000185054
Col28a1	2396.042085	-0.825948006	0.102131431	-8.087108883	6.11e-16	1.72e-12
Cav1	2649.621703	-0.456369979	0.120670303	-3.781957689	0.0001556	0.00376614
Cttnbp2	463.7455906	-0.662386195	0.159043604	-4.164808764	3.12e-05	0.001081606
Tmem229a	3100.424372	-0.460647057	0.093621667	-4.920303922	8.64e-07	6.35e-05
Smo	625.2210157	-0.838070028	0.166512551	-5.033074235	4.83e-07	3.86e-05
Cald1	1178.166297	-0.70910684	0.146613143	-4.836584398	1.32e-06	8.77e-05
Hipk2	205.9798252	-1.17120659	0.277988335	-4.213150134	2.52e-05	0.000920464
Parp12	544.9397075	-0.681395295	0.196402591	-3.469380372	0.00052166	0.009554849
Osbpl3	13437.81955	0.353862517	0.095069436	3.722148066	0.000197535	0.004563997
Gars	10417.62001	0.336691635	0.095292734	3.533235113	0.000410507	0.007986131
Fkbp9	2077.986938	-0.603279885	0.120213668	-5.018396772	5.21e-07	4.08e-05
Nap1l5	11433.73555	0.228940623	0.056037699	4.085475061	4.4e-05	0.001420015
Gng12	1154.787558	-0.684937065	0.117466865	-5.83089595	5.51e-09	9.28e-07
Lrrtm1	735.2791594	-0.455117413	0.119834949	-3.797868781	0.000145946	0.00360804
Dctn1	23820.10436	0.327201058	0.092813954	3.525343368	0.000422934	0.00818389
Tet3	1192.131282	-0.690064765	0.141568261	-4.874431321	1.09e-06	7.67e-05
Cct7	10431.04661	0.541451829	0.093830819	5.770511583	7.9e-09	1.23e-06
Dusp11	1438.955356	-0.542005277	0.133518872	-4.059390772	4.92e-05	0.001548118
Tgfa	670.3225986	-0.557613402	0.137010034	-4.069872723	4.7e-05	0.001496352
Fbln2	3545.840194	-0.574935982	0.086739464	-6.628309117	3.4e-11	1.54e-08
Slc6a6	1195.554587	-0.674303241	0.171889227	-3.922894131	8.75e-05	0.002449426
Fgd5	234.1689122	-1.262900907	0.278566449	-4.533571475	5.8e-06	0.000278875
Fam19a1	1102.25911	0.541895551	0.12247302	4.424611662	9.66e-06	0.000428963
Itpr1	552.5893508	-0.561938689	0.154631175	-3.634058195	0.000278998	0.005921137
Grm7	2558.697524	0.53715216	0.112714103	4.765616239	1.88e-06	0.000114501
Creld1	7722.992486	0.383384905	0.073708511	5.201365499	1.98e-07	1.84e-05
Hrh1	165.3390966	1.294965346	0.261583947	4.950477133	7.4e-07	5.52e-05
Mical3	2323.740067	-0.632632318	0.138085595	-4.581450514	4.62e-06	0.000235336
Rimklb	339.922208	-1.198384263	0.214994641	-5.574019217	2.49e-08	3.28e-06
Clstn3	3092.056462	0.364318559	0.104539164	3.484995914	0.000492145	0.009179511
Gapdh	23732.41504	0.395556782	0.110812575	3.569601933	0.000357524	0.007247624
Ccnd2	309.6642588	-1.005996518	0.229585188	-4.381800606	1.18e-05	0.000503814
Fkbp4	14526.58056	0.32505395	0.067756318	4.79739688	1.61e-06	0.000102042
Lrp6	1836.145467	-0.654349996	0.110618842	-5.915357514	3.31e-09	6.68e-07
Slco1a4	677.4094789	-0.755843205	0.168940534	-4.474019279	7.68e-06	0.000349392
Sspn	888.5991384	-0.523508201	0.135502428	-3.863459944	0.000111792	0.002990907
Tm7sf3	2200.092573	-0.463272531	0.078736169	-5.88385919	4.01e-09	7.53e-07
Tsen34	3399.410732	0.322585123	0.079589292	4.053122149	5.05e-05	0.001579904
Ttyh1	4204.128626	-0.379370279	0.10964589	-3.459958965	0.000540258	0.00979911
Leng8	2380.843077	-1.300587454	0.311799521	-4.171229796	3.03e-05	0.001061754
Syt5	4021.227208	0.304223751	0.086900639	3.500822953	0.000463824	0.008821796
Peg3	4217.716914	-0.577159959	0.147535125	-3.912017294	9.15e-05	0.002542767
Gltscr1	468.334678	-0.56566449	0.159047254	-3.556581316	0.000375712	0.007469861
Napa	11626.72031	0.285660613	0.060180511	4.746729608	2.07e-06	0.000124159
Slc1a5	1440.932616	-0.859814452	0.131019624	-6.562486027	5.29e-11	2.25e-08
Hif3a	104.2584336	-2.026694343	0.414332529	-4.891468085	1e-06	7.17e-05
Pvrl2	1719.047554	0.437744347	0.107933575	4.055682848	5e-05	0.001569473
Bcam	28009.44393	0.332874718	0.089436118	3.721927167	0.000197708	0.004563997
Ceacam10	304.136281	0.975059582	0.217665123	4.47963169	7.48e-06	0.000341404
Axl	1209.15304	-0.646039403	0.171566115	-3.765541956	0.000166188	0.003961253
Prx	12844.74732	-1.20390749	0.263157892	-4.574848507	4.77e-06	0.000237076
Plekhg2	645.3376458	-1.485746103	0.209772558	-7.082652365	1.41e-12	1.08e-09
Aplp1	10370.45144	0.379662808	0.099090419	3.831478489	0.000127376	0.003268853
Arhgap33	864.4064588	-0.881432136	0.235818632	-3.737754427	0.000185671	0.004350572
Lgi4	3432.874781	-0.857528325	0.146638113	-5.847922543	4.98e-09	8.48e-07
4931406P16Rik	922.0440756	-0.795177544	0.150489211	-5.283950513	1.26e-07	1.27e-05
Pepd	1659.118681	0.286811117	0.080135639	3.579070695	0.000344818	0.007039349
Zfp536	190.181157	-1.018150267	0.283552815	-3.590690034	0.000329804	0.006799969
EU599041	29.30840502	3.375874997	0.881030128	3.831736156	0.000127242	0.003268853
Kcnc3	3469.787528	-0.587191052	0.159076935	-3.691239407	0.000223164	0.005023445
Plekha4	5594.964033	-0.912470824	0.227961236	-4.002745552	6.26e-05	0.001876275
Mrgpra3	514.3168274	0.945233521	0.242629366	3.895791911	9.79e-05	0.00268822
Nav2	613.3837957	-0.881734529	0.244751594	-3.602569098	0.000315088	0.006561983
Ipw	176.536501	-1.452232762	0.341815457	-4.248587165	2.15e-05	0.000808751
Tjp1	1741.690331	-0.754546485	0.143373194	-5.262814219	1.42e-07	1.41e-05
Nr2f2	2086.737804	-0.53897841	0.15479488	-3.481887844	0.000497892	0.009250952
Rgma	557.7408986	-0.711866249	0.14109285	-5.045374364	4.53e-07	3.65e-05
Chd2	1261.871166	-0.488183138	0.121986981	-4.001928191	6.28e-05	0.00187888
Crtc3	883.8027573	-0.487090999	0.136803098	-3.56052608	0.000370113	0.007409418
Iqgap1	1477.089622	-0.599612191	0.139385522	-4.301825475	1.69e-05	0.000659099
Il16	793.9241296	-1.104847445	0.179881192	-6.142095403	8.14e-10	2.18e-07
Mesdc1	3239.305192	0.364833658	0.09257889	3.940786693	8.12e-05	0.002309437
Pcf11	642.3971926	-0.739654584	0.15391891	-4.805482194	1.54e-06	9.89e-05
Rsf1	1161.090981	-0.451810503	0.113192748	-3.991514569	6.57e-05	0.001935349
Apbb1	10906.91646	0.226421672	0.059132515	3.829055311	0.000128636	0.003295361
St5	700.0341719	-0.755101715	0.182338154	-4.1412162	3.45e-05	0.001171035
Swap70	572.6681809	-0.78695753	0.176187425	-4.466593056	7.95e-06	0.000359476
Sbf2	1371.932347	-0.789034961	0.117683525	-6.704718957	2.02e-11	1.01e-08
Tead1	1072.134266	-1.112663437	0.133513765	-8.333698301	7.84e-17	3.78e-13
Calcb	5565.908378	0.433089524	0.096004992	4.511114639	6.45e-06	0.000307039
Sox6	269.0076983	-0.967675319	0.223344866	-4.332650824	1.47e-05	0.000598982
Plekha7	506.0493875	-1.078121141	0.168546655	-6.39657395	1.59e-10	5.75e-08
Itpripl2	742.7246615	-0.756706253	0.163578876	-4.625941146	3.73e-06	0.000200933
Gprc5b	3585.005688	-0.525468341	0.121484335	-4.325399997	1.52e-05	0.000613033
Tnrc6a	2512.549754	-0.537488764	0.129009167	-4.166283507	3.1e-05	0.001078603
Coro1a	5081.532477	0.413448809	0.115859045	3.568550132	0.000358962	0.00725645
Aldoa	77593.04197	0.328842315	0.073367643	4.482116406	7.39e-06	0.000338519
Fam53b	1114.047408	-0.503038644	0.126371929	-3.980620135	6.87e-05	0.002001772
Ctbp2	419.4122294	-0.681818011	0.183032005	-3.725129988	0.000195215	0.004520858
Dock1	633.0392376	-0.86882403	0.163871515	-5.301861216	1.15e-07	1.17e-05
B230206H07Rik	323.9948773	-1.777689333	0.342886331	-5.184485862	2.17e-07	2e-05
Ap2a2	13239.3332	0.248697035	0.067663494	3.675497956	0.000237386	0.005269822
Th	4801.061787	0.557107007	0.135509808	4.111193257	3.94e-05	0.001315762
Kcnq1ot1	397.5897001	-1.79589955	0.473456775	-3.793164755	0.000148739	0.003645664
Slc22a18	682.9501619	0.646250913	0.162185507	3.984640336	6.76e-05	0.001976137
Dhcr7	3988.886327	0.295891772	0.084369259	3.507104076	0.000453012	0.008661684
Insr	1295.165922	-0.559804674	0.106554861	-5.253675593	1.49e-07	1.47e-05
Col4a1	2987.717738	-1.069178541	0.13765315	-7.767192676	8.02e-15	9.68e-12
Col4a2	1924.548876	-1.104241772	0.163611153	-6.749183992	1.49e-11	7.69e-09
Rasa3	937.4020406	-0.572711736	0.127586135	-4.488824262	7.16e-06	0.000333309
Arhgef10	1972.794604	-0.837697103	0.145829276	-5.744368522	9.23e-09	1.38e-06
Kat6a	946.8971354	-0.728650266	0.142659981	-5.10760102	3.26e-07	2.79e-05
Tacc1	3882.550857	-0.421880233	0.075978277	-5.552642767	2.81e-08	3.64e-06
Chrna6	2499.342876	0.438387813	0.113056686	3.877593004	0.000105495	0.002875583
Dusp26	9303.470316	0.328820014	0.092018105	3.57342734	0.000352339	0.007166678
Slc7a2	2874.891846	-0.914246419	0.100153308	-9.128469493	6.95e-20	1.01e-15
Fat1	1567.654035	-0.826034379	0.126925671	-6.508016652	7.61e-11	2.9e-08
Sorbs2	1045.707172	-0.604116982	0.141001901	-4.284459831	1.83e-05	0.00070704
Slc25a4	40803.07143	0.250227523	0.057404632	4.359012737	1.31e-05	0.000546542
Wwc2	619.3393765	-0.613385319	0.160732928	-3.816177089	0.000135535	0.003417823
Mfap3l	3052.521979	-0.416419401	0.109725504	-3.795101281	0.000147583	0.003632856
Cpe	37048.73965	0.313249693	0.075798789	4.132647742	3.59e-05	0.001204291
Zfp866	642.3749613	-0.562474955	0.13354193	-4.211972625	2.53e-05	0.000922946
Myo9b	1550.841707	-0.651398362	0.147784873	-4.407747203	1.04e-05	0.000451292
Mvb12a	1528.350247	0.390943678	0.111758945	3.498097423	0.00046859	0.008877448
Slc27a1	3116.687642	-0.561903438	0.11223873	-5.006323925	5.55e-07	4.29e-05
Nwd1	370.9963319	-0.850517464	0.222858279	-3.816405062	0.00013541	0.003417823
Hmox1	1034.426474	0.673729888	0.1596848	4.21912348	2.45e-05	0.000903258
Gab1	2287.66214	-0.430223618	0.098871117	-4.351357937	1.35e-05	0.000561698
Dnajb1	2179.181122	0.432237833	0.102993822	4.196735532	2.71e-05	0.000974978
Calr	11397.51132	0.312033243	0.081685721	3.819923981	0.000133493	0.003389781
Chd9	1779.280945	-0.412815915	0.116055935	-3.557042694	0.000375053	0.007467016
Mt2	951.8715632	-1.171889865	0.313212884	-3.741512319	0.000182916	0.004297937
Pllp	2167.950396	-0.910845734	0.17589748	-5.178276205	2.24e-07	2.01e-05
Ndrg4	124076.3137	0.151546433	0.040179775	3.771709385	0.000162133	0.003885287
Fhod1	186.502568	-1.022112444	0.244689799	-4.177176355	2.95e-05	0.00104706
Atp6v0d1	8930.396754	0.285482897	0.058288766	4.897734471	9.69e-07	7.02e-05
Cog4	3004.948009	0.416640324	0.095200038	4.376472241	1.21e-05	0.000511962
Fa2h	1318.611555	-1.444759284	0.181128191	-7.976446295	1.51e-15	2.31e-12
Maf	2308.836616	-0.411814886	0.10294146	-4.000476439	6.32e-05	0.001882665
Mbtps1	3107.506749	-0.283048002	0.080321186	-3.523951989	0.000425161	0.008216
Slc7a5	2871.029278	-0.438277663	0.114169394	-3.838836731	0.000123619	0.003218085
Zfp276	578.352539	-0.936037215	0.21702007	-4.31313663	1.61e-05	0.000634784
Tubb3	111951.7939	0.438611638	0.100973615	4.343824261	1.4e-05	0.000577408
Galnt2	1459.150024	-0.401153366	0.104415843	-3.841882152	0.000122094	0.003200127
2310022B05Rik	2327.961263	-0.442356956	0.111776302	-3.957520037	7.57e-05	0.002170582
Egln1	2261.441069	-0.381605738	0.087139555	-4.379248184	1.19e-05	0.000506971
Sipa1l2	1177.706355	-0.653574643	0.133259341	-4.904531563	9.37e-07	6.81e-05
Panx1	2933.014303	0.374422899	0.097117462	3.855361234	0.000115559	0.003057768
Zfp26	646.0771431	-0.63833046	0.172389416	-3.702840196	0.000213199	0.004844341
Col5a3	2951.049032	-1.531240472	0.296695433	-5.160984305	2.46e-07	2.17e-05
Dock6	611.6045959	-0.821632993	0.210620971	-3.901002779	9.58e-05	0.002644018
Eepd1	5678.828901	0.405408467	0.095663881	4.237842559	2.26e-05	0.000838463
Jam3	2124.234881	-0.544108462	0.149505795	-3.639380422	0.000273295	0.005847562
Adamts15	906.7638509	-0.45491889	0.123143472	-3.694218487	0.000220564	0.004972655
Zbtb44	941.5834394	-0.605155529	0.129219111	-4.683173595	2.82e-06	0.000159083
Tmem45b	6534.010886	0.411471901	0.118241454	3.47992932	0.000501546	0.009283092
Fez1	14384.50262	0.417199056	0.109526917	3.80910071	0.000139473	0.003498673
Hepacam	899.5487178	-0.700676865	0.153456281	-4.565970569	4.97e-06	0.000244772
Vwa5a	13003.23322	0.494998913	0.138993139	3.561319051	0.000368996	0.007397304
Hspa8	84468.58787	0.436020136	0.095532892	4.564083939	5.02e-06	0.000245315
2610203C20Rik	348.2848263	-0.768876561	0.211074968	-3.642670503	0.000269824	0.005809158
Bcl9l	484.0177928	-0.816055792	0.194177338	-4.202631481	2.64e-05	0.000954669
Phldb1	2357.248931	-0.741854824	0.143191147	-5.180870736	2.21e-07	2e-05
Kmt2a	2693.295802	-0.734884966	0.115215987	-6.378324626	1.79e-10	6.32e-08
Tmprss5	230.0076827	-1.165453621	0.335539668	-3.473370606	0.000513965	0.009464543
Dixdc1	375.3945983	-0.657293367	0.158990088	-4.134178279	3.56e-05	0.001199076
Gldn	818.1168316	-0.763429974	0.173305912	-4.405100582	1.06e-05	0.000455478
Peak1	1209.473474	-0.673584173	0.144927516	-4.647731453	3.36e-06	0.000185054
1700017B05Rik	209.3171072	-0.939167695	0.21926738	-4.283207535	1.84e-05	0.000707261
Ptplad1	9764.117524	0.190907716	0.053228807	3.586548817	0.000335083	0.006869683
Igdcc3	55.5650822	-1.519012654	0.425622085	-3.568923482	0.000358451	0.007256253
Snx1	2583.651212	0.271761271	0.074855135	3.630496044	0.000282877	0.005987117
Rab8b	1446.936734	-0.562440038	0.115969593	-4.849892311	1.24e-06	8.39e-05
Adam10	3896.941026	-0.392036689	0.091725415	-4.274024693	1.92e-05	0.000733155
Scg3	30734.10651	0.547211068	0.121387284	4.507976872	6.54e-06	0.000308983
Myo6	903.5762561	-0.867829291	0.18895916	-4.592681781	4.38e-06	0.000227011
Prss35	989.5102596	-0.789742978	0.106013818	-7.449434371	9.37e-14	9.69e-11
Slc9a9	9940.079227	0.32131559	0.076989429	4.173502686	3e-05	0.001058904
Atp1b3	19818.27851	0.329756447	0.085402525	3.861202529	0.00011283	0.003013111
Ppp2r3a	719.4354016	-0.680871709	0.142690397	-4.771671551	1.83e-06	0.000113496
Amotl2	780.1668091	-0.637511185	0.158885973	-4.01238179	6.01e-05	0.001808934
Cpne4	3486.480231	0.327868069	0.092217707	3.55536999	0.000377448	0.007487287
Alas1	1660.190839	0.506673182	0.127049164	3.988008791	6.66e-05	0.001956198
Tex264	3708.762608	0.360190306	0.094721761	3.802614115	0.000143177	0.003560735
Rad54l2	1192.655648	-0.501527392	0.121842846	-4.116182507	3.85e-05	0.001290596
Sema3b	5778.359441	-0.577358093	0.145308866	-3.973316344	7.09e-05	0.002055912
Dag1	6837.125013	-0.738416461	0.120034195	-6.151717541	7.66e-10	2.09e-07
Nckipsd	1987.267841	0.441926205	0.121381389	3.640806954	0.000271785	0.005827873
Col7a1	104.8988451	-2.073818438	0.495806759	-4.182715138	2.88e-05	0.001026899
Plxnb1	1080.853742	-1.131036088	0.196339228	-5.760622062	8.38e-09	1.29e-06
Mir6236	7912.690886	-2.966771186	0.637156574	-4.656267089	3.22e-06	0.000178565
Trank1	151.9830056	-1.295885433	0.31224158	-4.150265418	3.32e-05	0.001136329
Cmtm6	1512.802461	-0.560867536	0.125499437	-4.469084072	7.86e-06	0.000356429
Nktr	1828.969967	-0.905507767	0.251345902	-3.602635881	0.000315007	0.006561983
Fam198a	113.5041111	-1.034496166	0.275425128	-3.755997768	0.000172652	0.00409667
Lars2	507566.478	-2.716621324	0.547983532	-4.957487165	7.14e-07	5.41e-05
Fyco1	482.0780335	-0.664710765	0.187475721	-3.545583193	0.000391745	0.007714451
Ccdc22	411.8497564	0.958592874	0.188538048	5.084347075	3.69e-07	3.07e-05
Gria3	683.9665965	-0.626784812	0.119916972	-5.226823191	1.72e-07	1.66e-05
Firre	1556.9632	-1.396010093	0.320357166	-4.357667752	1.31e-05	0.000548326
Cdr1	1816.813818	-1.523656078	0.30313937	-5.026255995	5e-07	3.96e-05
Prrg3	1404.136676	-1.056245666	0.174507422	-6.052726305	1.42e-09	3.44e-07
Slc6a8	1914.383492	-0.507403176	0.122079278	-4.156341556	3.23e-05	0.001111797
Flna	2995.315457	-0.818197372	0.171399621	-4.773624161	1.81e-06	0.000112885
Dmd	1877.9327	-0.690588251	0.128746146	-5.363952805	8.14e-08	8.79e-06
Maged1	19586.29913	0.36773822	0.096592367	3.807114688	0.000140598	0.003511621
Stard8	623.0312111	-0.773390275	0.189299692	-4.085533711	4.4e-05	0.001420015
Foxo4	716.0740027	-0.744198373	0.181362836	-4.103367536	4.07e-05	0.001348631
Med12	910.0299083	-0.772275848	0.139550772	-5.53401344	3.13e-08	3.94e-06
Ftx	119.8233712	-1.468639973	0.406037305	-3.617007488	0.000298029	0.006260765
Magee1	8551.381193	0.425708434	0.122772584	3.46745519	0.000525411	0.009577838
Atrx	2011.770874	-0.606990711	0.087696542	-6.921489675	4.47e-12	2.7e-09
Itm2a	1041.665597	-0.696786662	0.179118284	-3.890092328	0.000100206	0.002741745
Diap2	619.8415615	-0.552471613	0.144091601	-3.834169442	0.000125989	0.003250568
Drp2	7162.635101	-1.453814785	0.266867114	-5.447710522	5.1e-08	5.86e-06
Morf4l2	9009.71989	0.33253483	0.088574349	3.754301702	0.000173825	0.004117756
Plp1	14752.40144	-0.546738502	0.093264057	-5.862263767	4.57e-09	7.95e-07
Zcchc18	9383.292271	0.464632051	0.10534777	4.41045927	1.03e-05	0.000448353
Maged2	1998.76989	0.406762597	0.109409191	3.71781011	0.000200957	0.004616913
Shroom2	732.7865689	-0.710540981	0.146734013	-4.842374072	1.28e-06	8.6e-05
Ubqln2	4849.474971	0.326729352	0.093474845	3.495371949	0.000473402	0.008910291
Pir	1037.977758	0.45812642	0.106883985	4.286202648	1.82e-05	0.000703395
Gpm6b	9595.715139	-0.806969002	0.101042355	-7.986442893	1.39e-15	2.31e-12
